anchor_t: 7.370385957087828
box: 0.034489435515326405
cls: 1.2248573827098383
cls_pw: 1.7680709870482534
copy_paste: 0.8888221108342108
degrees: 11.433174675143782
fl_gamma: 0.0
fliplr: 0.7520549157365907
flipud: 0.14166889939425797
hsv_h: 0.04988423698955522
hsv_s: 0.8910882511355132
hsv_v: 0.5115013876970584
iou_t: 0.618873017320328
lr0: 0.01402096098024367
lrf: 0.9090608949323157
mixup: 0.11326313749922196
momentum: 0.6377931329586763
mosaic: 0.915467049253043
obj: 3.049202652163057
obj_pw: 0.8409139265730778
perspective: 0.0004312271648582795
scale: 0.09757987729750425
shear: 7.202447719370261
translate: 0.3628625345786131
warmup_bias_lr: 0.09502207056516321
warmup_epochs: 3.548857310220769
warmup_momentum: 0.5395194482551705
weight_decay: 4.429682042689034e-07